"","A Mina","A Rua Torta de Gramado","Aldeia do Papai Noel","Alpen Park","Casa Centenária","Casa das Artes","Casa do Colono","Casa Seganfredo","Central de Informações Turísticas de Gramado","Centro Municipal de Cultura","Cine -Teatro Elizabeth Rosenfeld","Dreamland Museu de Cera","Ervateira Marcon - Natural de Gramado","Fonte do Amor Eterno","Fragram - Museu do Perfume","Gram Bier","GramadoZoo","Harley Motor Show","Igreja Matriz São Pedro Apóstolo","Lago Negro","Le Jardin Parque de Lavanda","Memorial Casa Italiana","Mini Mundo","Mirante do Belvedere","Mundo de Chocolate","Mundo Encantado","Museu de Artes Dr. Carlos Nelz","Museu do Automóvel - Hollywood Dream Cars","Museu do Festival de Cinema de Gramado","Museu do Sapato","Museu Fioreze","Museu Gramado - Minerais & Pedras Preciosas","Museu Naval","O Reino do Chocolate","Parque do Pinheiro Grosso","Parque Gaúcho","Parque Temático Mundo Gelado","Pórtico via Nova Petrópolis","Pórtico Via Taquara","Praça da Criança","Praça das Etnias","Praça Major Nicoletti","Prefeitura Municipal de Gramado","Rotula das Bandeiras","Rua Coberta","Snowland","Vinícola Ravanello"
"A Mina",251,19,17,27,7,2,46,0,2,3,1,62,3,53,16,0,42,58,77,156,52,11,126,23,35,16,1,76,0,2,2,26,6,36,4,27,22,61,45,0,41,20,13,19,48,117,10
"A Rua Torta de Gramado",19,310,35,21,9,3,87,0,1,2,4,78,6,123,16,0,28,73,146,200,69,13,163,55,51,16,1,100,1,3,5,33,4,52,1,13,19,88,62,5,137,56,24,65,81,112,9
"Aldeia do Papai Noel",17,35,624,38,8,2,45,0,2,3,0,151,5,69,14,1,72,91,132,328,52,5,356,34,65,33,1,140,0,3,1,27,1,75,3,27,20,85,53,1,63,22,22,50,136,220,6
"Alpen Park",27,21,38,922,7,2,70,0,0,7,6,154,8,113,18,0,78,127,178,375,64,5,354,47,50,24,0,166,0,2,7,32,0,77,16,31,83,102,72,1,70,52,35,51,156,348,16
"Casa Centenária",7,9,8,7,76,3,18,0,3,3,1,30,25,18,12,0,17,22,34,51,16,7,44,11,12,6,0,35,0,1,18,22,3,13,2,7,0,27,14,1,27,13,7,18,29,23,5
"Casa das Artes",2,3,2,2,3,20,6,0,1,3,0,6,1,6,2,0,5,5,10,13,5,4,12,4,1,3,0,5,0,1,2,5,3,4,0,3,1,6,4,2,6,3,2,6,7,6,2
"Casa do Colono",46,87,45,70,18,6,1218,0,3,5,7,180,14,279,30,0,112,159,459,696,216,33,567,124,74,29,0,212,0,4,8,60,4,82,11,55,36,226,124,5,253,149,71,99,252,377,43
"Casa Seganfredo",0,0,0,0,0,0,0,2,0,0,0,0,0,0,0,0,0,0,0,0,0,0,0,0,0,0,0,0,0,0,0,0,0,0,0,0,0,0,0,0,0,0,0,0,0,0,0
"Central de Informações Turísticas de Gramado",2,1,2,0,3,1,3,0,6,1,0,5,2,4,2,0,3,4,4,4,3,2,4,1,1,3,0,8,0,1,2,4,1,2,0,2,0,4,4,0,3,4,3,5,2,3,0
"Centro Municipal de Cultura",3,2,3,7,3,3,5,0,1,47,0,15,2,12,4,0,9,12,19,30,7,2,28,6,7,6,1,24,0,2,3,8,1,10,2,5,3,16,14,0,13,5,9,10,9,19,2
"Cine -Teatro Elizabeth Rosenfeld",1,4,0,6,1,0,7,0,0,0,25,1,0,9,2,0,1,4,14,17,4,1,12,4,1,1,0,4,0,0,0,0,0,3,0,0,2,11,5,0,8,6,2,3,15,9,4
"Dreamland Museu de Cera",62,78,151,154,30,6,180,0,5,15,1,1846,18,315,61,1,167,943,532,989,161,20,1072,107,150,70,1,906,0,5,14,171,3,193,16,72,78,259,168,5,192,99,70,136,385,741,37
"Ervateira Marcon - Natural de Gramado",3,6,5,8,25,1,14,0,2,2,0,18,53,15,6,0,8,17,25,30,10,3,29,9,9,4,0,21,0,1,13,11,1,5,1,4,0,10,7,0,20,11,5,7,15,15,1
"Fonte do Amor Eterno",53,123,69,113,18,6,279,0,4,12,9,315,15,1491,42,1,118,310,765,1002,226,21,786,209,115,46,0,403,0,5,15,91,5,135,17,60,68,340,239,5,306,182,108,148,400,560,51
"Fragram - Museu do Perfume",16,16,14,18,12,2,30,0,2,4,2,61,6,42,172,0,20,44,65,104,38,5,99,19,18,14,0,66,1,1,6,35,1,33,1,12,8,47,35,0,36,21,12,27,41,54,4
"Gram Bier",0,0,1,0,0,0,0,0,0,0,0,1,0,1,0,1,0,0,1,1,1,0,1,0,0,0,0,0,0,0,0,0,0,1,0,0,1,0,1,0,0,0,0,0,1,0,0
"GramadoZoo",42,28,72,78,17,5,112,0,3,9,1,167,8,118,20,0,1064,143,205,498,152,13,496,62,60,47,0,197,2,3,9,50,4,70,12,284,43,126,95,1,98,65,42,49,145,311,19
"Harley Motor Show",58,73,91,127,22,5,159,0,4,12,4,943,17,310,44,0,143,1625,507,888,146,15,975,112,121,56,1,1014,0,5,14,179,6,155,16,63,74,259,164,3,189,110,79,106,336,703,32
"Igreja Matriz São Pedro Apóstolo",77,146,132,178,34,10,459,0,4,19,14,532,25,765,65,1,205,507,2898,1890,315,40,1543,278,195,76,0,649,0,4,17,134,5,218,17,88,99,582,357,8,431,278,159,222,690,928,67
"Lago Negro",156,200,328,375,51,13,696,0,4,30,17,989,30,1002,104,1,498,888,1890,6695,664,45,3369,396,329,133,2,1095,1,5,25,201,10,385,42,192,189,809,517,10,561,337,201,293,1146,2125,136
"Le Jardin Parque de Lavanda",52,69,52,64,16,5,216,0,3,7,4,161,10,226,38,1,152,146,315,664,1254,14,579,100,75,29,0,185,1,2,8,55,6,75,18,71,39,158,114,4,167,100,58,66,168,360,53
"Memorial Casa Italiana",11,13,5,5,7,4,33,0,2,2,1,20,3,21,5,0,13,15,40,45,14,75,36,7,21,5,0,24,0,1,2,13,5,11,0,12,5,18,9,2,38,17,5,14,21,23,6
"Mini Mundo",126,163,356,354,44,12,567,0,4,28,12,1072,29,786,99,1,496,975,1543,3369,579,36,6513,288,313,137,2,1194,1,5,26,234,6,396,30,192,180,665,413,8,476,272,175,256,967,2198,105
"Mirante do Belvedere",23,55,34,47,11,4,124,0,1,6,4,107,9,209,19,0,62,112,278,396,100,7,288,549,56,32,0,178,1,4,2,41,1,66,12,34,32,187,138,4,134,103,72,93,157,183,14
"Mundo de Chocolate",35,51,65,50,12,1,74,0,1,7,1,150,9,115,18,0,60,121,195,329,75,21,313,56,633,47,1,171,1,2,3,32,4,90,7,25,39,109,84,3,106,56,38,69,142,285,23
"Mundo Encantado",16,16,33,24,6,3,29,0,3,6,1,70,4,46,14,0,47,56,76,133,29,5,137,32,47,248,1,87,0,2,3,25,2,49,7,28,27,54,46,0,41,26,23,36,50,90,11
"Museu de Artes Dr. Carlos Nelz",1,1,1,0,0,0,0,0,0,1,0,1,0,0,0,0,0,1,0,2,0,0,2,0,1,1,10,2,0,1,0,0,0,2,0,0,1,2,2,2,0,0,0,1,0,1,0
"Museu do Automóvel - Hollywood Dream Cars",76,100,140,166,35,5,212,0,8,24,4,906,21,403,66,0,197,1014,649,1095,185,24,1194,178,171,87,2,2360,1,8,17,243,8,206,24,94,78,406,246,2,277,170,120,172,369,833,38
"Museu do Festival de Cinema de Gramado",0,1,0,0,0,0,0,0,0,0,0,0,0,0,1,0,2,0,0,1,1,0,1,1,1,0,0,1,2,0,0,0,0,0,0,2,0,1,1,0,1,1,0,1,1,0,0
"Museu do Sapato",2,3,3,2,1,1,4,0,1,2,0,5,1,5,1,0,3,5,4,5,2,1,5,4,2,2,1,8,0,11,1,2,1,2,0,2,1,4,5,1,7,4,3,3,2,4,0
"Museu Fioreze",2,5,1,7,18,2,8,0,2,3,0,14,13,15,6,0,9,14,17,25,8,2,26,2,3,3,0,17,0,1,39,14,2,7,1,3,0,9,6,1,16,12,7,7,7,12,1
"Museu Gramado - Minerais & Pedras Preciosas",26,33,27,32,22,5,60,0,4,8,0,171,11,91,35,0,50,179,134,201,55,13,234,41,32,25,0,243,0,2,14,354,5,53,2,22,17,79,44,1,79,40,29,49,81,136,14
"Museu Naval",6,4,1,0,3,3,4,0,1,1,0,3,1,5,1,0,4,6,5,10,6,5,6,1,4,2,0,8,0,1,2,5,15,5,1,2,3,3,3,1,6,3,2,4,2,6,1
"O Reino do Chocolate",36,52,75,77,13,4,82,0,2,10,3,193,5,135,33,1,70,155,218,385,75,11,396,66,90,49,2,206,0,2,7,53,5,688,10,32,44,139,108,3,113,56,44,88,184,258,16
"Parque do Pinheiro Grosso",4,1,3,16,2,0,11,0,0,2,0,16,1,17,1,0,12,16,17,42,18,0,30,12,7,7,0,24,0,0,1,2,1,10,94,4,17,11,8,0,11,8,8,7,13,18,2
"Parque Gaúcho",27,13,27,31,7,3,55,0,2,5,0,72,4,60,12,0,284,63,88,192,71,12,192,34,25,28,0,94,2,2,3,22,2,32,4,361,22,60,59,1,55,28,19,25,59,137,9
"Parque Temático Mundo Gelado",22,19,20,83,0,1,36,0,0,3,2,78,0,68,8,1,43,74,99,189,39,5,180,32,39,27,1,78,0,1,0,17,3,44,17,22,420,61,48,2,41,20,21,31,89,156,9
"Pórtico via Nova Petrópolis",61,88,85,102,27,6,226,0,4,16,11,259,10,340,47,0,126,259,582,809,158,18,665,187,109,54,2,406,1,4,9,79,3,139,11,60,61,1157,341,7,268,187,134,178,358,456,37
"Pórtico Via Taquara",45,62,53,72,14,4,124,0,4,14,5,168,7,239,35,1,95,164,357,517,114,9,413,138,84,46,2,246,1,5,6,44,3,108,8,59,48,341,750,4,187,132,89,127,217,312,12
"Praça da Criança",0,5,1,1,1,2,5,0,0,0,0,5,0,5,0,0,1,3,8,10,4,2,8,4,3,0,2,2,0,1,1,1,1,3,0,1,2,7,4,20,7,5,2,8,7,5,1
"Praça das Etnias",41,137,63,70,27,6,253,0,3,13,8,192,20,306,36,0,98,189,431,561,167,38,476,134,106,41,0,277,1,7,16,79,6,113,11,55,41,268,187,7,894,181,123,153,242,328,28
"Praça Major Nicoletti",20,56,22,52,13,3,149,0,4,5,6,99,11,182,21,0,65,110,278,337,100,17,272,103,56,26,0,170,1,4,12,40,3,56,8,28,20,187,132,5,181,459,91,106,155,172,21
"Prefeitura Municipal de Gramado",13,24,22,35,7,2,71,0,3,9,2,70,5,108,12,0,42,79,159,201,58,5,175,72,38,23,0,120,0,3,7,29,2,44,8,19,21,134,89,2,123,91,294,64,89,127,11
"Rotula das Bandeiras",19,65,50,51,18,6,99,0,5,10,3,136,7,148,27,0,49,106,222,293,66,14,256,93,69,36,1,172,1,3,7,49,4,88,7,25,31,178,127,8,153,106,64,421,169,157,13
"Rua Coberta",48,81,136,156,29,7,252,0,2,9,15,385,15,400,41,1,145,336,690,1146,168,21,967,157,142,50,0,369,1,2,7,81,2,184,13,59,89,358,217,7,242,155,89,169,1925,653,58
"Snowland",117,112,220,348,23,6,377,0,3,19,9,741,15,560,54,0,311,703,928,2125,360,23,2198,183,285,90,1,833,0,4,12,136,6,258,18,137,156,456,312,5,328,172,127,157,653,5126,91
"Vinícola Ravanello",10,9,6,16,5,2,43,0,0,2,4,37,1,51,4,0,19,32,67,136,53,6,105,14,23,11,0,38,0,0,1,14,1,16,2,9,9,37,12,1,28,21,11,13,58,91,302
