"","A Mina","A Rua Torta de Gramado","Aldeia do Papai Noel","Alpen Park","Capela Cristo Ressuscitado","Caro Watson Escape Game","Casa Centenária","Casa das Artes","Casa do Colono","Casa Seganfredo","Central de Informações Turísticas de Gramado","Centro Municipal de Cultura","Chave-Mestra Escape Game Gramado","Cine -Teatro Elizabeth Rosenfeld","Colorio","Dreamland Museu de Cera","Ervateira Marcon - Natural de Gramado","Fonte do Amor Eterno","Fragram - Museu do Perfume","Galeria Arte12b","Galleria D'arte Giovanni Bocchi","Gram Bier","GramadoZoo","Harley Motor Show","Igreja Matriz São Pedro Apóstolo","Igreja Metodista","Lago Negro","Le Jardin Parque de Lavanda","Memorial Casa Italiana","Mini Mundo","Mirante do Belvedere","Mundo de Chocolate","Mundo Encantado","Museu do Automóvel - Hollywood Dream Cars","Museu do Festival de Cinema de Gramado","Museu do Sapato","Museu Fioreze","Museu Gramado - Minerais & Pedras Preciosas","Museu Naval","O Reino do Chocolate","Parque do Palácio","Parque do Pinheiro Grosso","Parque Gaúcho","Parque Municipal Caminho da Santinha","Parque Temático Mundo Gelado","Pórtico via Nova Petrópolis","Pórtico Via Taquara","Praça da Criança","Praça das Etnias","Praça Major Nicoletti","Prefeitura Municipal de Gramado","Rotula das Bandeiras","Rua Coberta","Snowland","Vinicola Masotti","Vinícola Ravanello"
"A Mina",244,44,32,23,0,1,5,0,28,0,4,0,5,0,0,45,1,55,12,0,0,4,20,31,67,0,129,67,3,100,21,31,9,33,7,1,1,5,2,28,0,1,13,0,20,55,34,0,34,19,7,18,107,76,2,9
"A Rua Torta de Gramado",44,468,63,39,1,3,7,2,90,1,15,1,6,1,0,98,3,177,26,0,0,7,40,73,199,0,309,99,16,204,65,85,12,83,22,1,1,20,2,64,1,3,30,0,17,129,74,3,147,62,24,61,321,131,1,10
"Aldeia do Papai Noel",32,63,919,68,0,10,3,1,58,0,6,2,9,0,0,144,3,116,20,0,1,7,108,104,190,0,466,140,6,476,31,82,22,109,12,0,2,15,1,93,0,2,34,0,27,82,48,7,79,27,17,22,383,302,4,15
"Alpen Park",23,39,68,574,1,7,2,1,35,0,3,2,7,0,0,77,2,53,7,0,1,6,44,56,84,0,230,62,2,177,15,47,12,46,7,0,1,9,2,45,1,2,26,0,35,35,15,3,25,10,4,10,167,156,2,9
"Capela Cristo Ressuscitado",0,1,0,1,2,0,0,0,0,0,0,0,0,0,0,1,0,1,0,0,0,0,0,1,1,0,1,0,0,1,0,1,0,1,0,0,0,1,1,0,0,0,0,0,1,0,0,0,0,0,0,0,2,1,0,0
"Caro Watson Escape Game",1,3,10,7,0,368,0,0,4,0,0,0,15,1,0,8,0,5,1,0,0,1,6,6,7,0,30,9,0,26,1,1,1,6,0,0,0,0,0,1,1,1,2,0,2,5,1,0,1,1,0,1,15,30,0,1
"Casa Centenária",5,7,3,2,0,0,36,0,6,0,0,0,1,0,0,6,7,13,4,0,0,0,1,5,17,0,22,7,0,12,2,3,1,7,1,0,1,3,0,4,0,0,0,0,0,8,2,0,10,5,0,5,25,7,0,0
"Casa das Artes",0,2,1,1,0,0,0,6,1,0,1,0,0,0,0,0,0,2,0,0,0,0,0,0,1,0,3,2,1,1,0,1,0,1,0,0,0,0,0,0,0,0,0,0,0,0,0,0,1,0,1,0,2,2,0,0
"Casa do Colono",28,90,58,35,0,4,6,1,576,4,7,1,6,0,0,70,3,148,23,0,1,12,40,44,203,0,340,125,15,189,40,57,6,47,16,1,1,8,0,43,0,0,25,0,11,77,38,2,105,37,9,38,270,118,3,15
"Casa Seganfredo",0,1,0,0,0,0,0,0,4,103,0,0,0,0,0,1,1,4,0,0,0,2,1,1,4,0,17,9,0,7,0,3,0,0,0,0,0,0,0,0,0,0,1,0,0,1,1,0,3,1,0,0,13,6,0,4
"Central de Informações Turísticas de Gramado",4,15,6,3,0,0,0,1,7,0,44,0,1,2,0,10,0,20,6,0,0,0,4,7,25,1,26,11,3,17,13,12,3,9,6,1,0,2,1,9,0,1,1,0,3,18,14,0,19,13,9,14,33,8,0,0
"Centro Municipal de Cultura",0,1,2,2,0,0,0,0,1,0,0,7,0,0,0,0,0,2,0,0,0,0,1,0,3,0,3,2,1,4,1,0,2,0,0,0,0,0,0,4,0,0,1,0,0,1,1,0,4,3,2,1,4,0,0,0
"Chave-Mestra Escape Game Gramado",5,6,9,7,0,15,1,0,6,0,1,0,341,2,0,9,1,11,1,0,0,1,4,8,15,0,27,5,1,21,1,7,2,5,0,1,0,1,0,2,0,0,3,0,5,5,1,0,5,3,2,3,18,32,0,1
"Cine -Teatro Elizabeth Rosenfeld",0,1,0,0,0,1,0,0,0,0,2,0,2,4,0,0,0,3,1,0,0,0,0,0,2,0,1,2,0,0,0,2,0,0,1,0,0,0,0,0,0,0,0,0,0,2,1,0,2,2,1,1,3,2,0,0
"Colorio",0,0,0,0,0,0,0,0,0,0,0,0,0,0,2,0,0,0,0,0,0,0,0,0,0,0,0,0,0,0,1,0,0,0,0,0,0,0,0,0,0,0,0,0,0,1,0,0,0,0,0,1,1,0,0,0
"Dreamland Museu de Cera",45,98,144,77,1,8,6,0,70,1,10,0,9,0,0,1006,3,202,27,0,0,8,88,457,270,1,603,129,6,467,42,113,21,388,17,1,2,54,4,77,0,1,30,0,35,123,65,0,79,35,15,40,452,335,4,18
"Ervateira Marcon - Natural de Gramado",1,3,3,2,0,0,7,0,3,1,0,0,1,0,0,3,23,6,0,0,0,1,1,1,10,0,11,5,0,8,0,1,0,4,1,0,2,0,0,0,0,0,0,0,0,1,1,0,5,2,0,1,13,6,2,0
"Fonte do Amor Eterno",55,177,116,53,1,5,13,2,148,4,20,2,11,3,0,202,6,925,35,0,0,22,63,147,476,0,654,193,15,388,68,111,26,141,27,1,2,29,1,84,0,1,28,0,31,181,84,1,159,75,26,61,595,244,2,22
"Fragram - Museu do Perfume",12,26,20,7,0,1,4,0,23,0,6,0,1,1,0,27,0,35,112,0,0,1,10,23,49,0,72,36,4,48,19,22,11,28,5,0,0,11,1,15,0,0,7,0,7,32,23,0,24,8,3,13,65,26,1,2
"Galeria Arte12b",0,0,0,0,0,0,0,0,0,0,0,0,0,0,0,0,0,0,0,5,0,0,0,0,0,0,0,0,0,0,0,0,0,0,0,0,0,0,0,0,0,0,0,0,0,0,0,0,0,0,0,0,0,0,0,0
"Galleria D'arte Giovanni Bocchi",0,0,1,1,0,0,0,0,1,0,0,0,0,0,0,0,0,0,0,0,2,0,0,0,0,0,1,0,0,0,0,0,0,0,0,0,0,0,0,0,0,0,0,0,0,0,0,0,0,0,0,0,1,0,0,0
"Gram Bier",4,7,7,6,0,1,0,0,12,2,0,0,1,0,0,8,1,22,1,0,0,120,7,10,20,0,51,15,2,26,5,8,1,3,0,0,1,1,0,8,0,0,1,0,1,6,5,0,7,5,2,4,32,18,0,3
"GramadoZoo",20,40,108,44,0,6,1,0,40,1,4,1,4,0,0,88,1,63,10,0,0,7,541,59,92,0,240,94,5,197,28,42,10,64,7,0,1,9,2,40,0,1,130,0,22,47,33,5,37,14,6,20,162,147,1,8
"Harley Motor Show",31,73,104,56,1,6,5,0,44,1,7,0,8,0,0,457,1,147,23,0,0,10,59,673,189,1,396,78,3,326,29,78,14,365,13,1,1,49,3,54,0,0,28,0,27,92,47,0,68,24,12,34,334,244,3,13
"Igreja Matriz São Pedro Apóstolo",67,199,190,84,1,7,17,1,203,4,25,3,15,2,0,270,10,476,49,0,0,20,92,189,1500,1,1006,282,16,632,85,162,30,203,34,1,1,33,1,114,1,3,38,0,34,248,114,5,209,98,39,83,912,348,4,25
"Igreja Metodista",0,0,0,0,0,0,0,0,0,0,1,0,0,0,0,1,0,0,0,0,0,0,0,1,1,1,0,1,0,1,1,1,1,1,0,0,0,0,0,1,0,0,0,0,1,1,1,0,0,0,1,0,0,1,0,0
"Lago Negro",129,309,466,230,1,30,22,3,340,17,26,3,27,1,0,603,11,654,72,0,1,51,240,396,1006,0,4892,689,19,1886,127,292,48,405,37,1,3,57,3,218,1,5,69,0,83,370,168,10,284,102,40,96,1746,1091,12,73
"Le Jardin Parque de Lavanda",67,99,140,62,0,9,7,2,125,9,11,2,5,2,0,129,5,193,36,0,0,15,94,78,282,1,689,1309,7,452,58,97,13,93,10,0,2,14,2,64,0,1,34,0,23,110,61,3,108,49,18,28,438,228,3,27
"Memorial Casa Italiana",3,16,6,2,0,0,0,1,15,0,3,1,1,0,0,6,0,15,4,0,0,2,5,3,16,0,19,7,41,15,9,7,2,9,4,0,0,2,0,5,0,1,2,0,1,5,6,0,16,10,3,10,19,5,0,1
"Mini Mundo",100,204,476,177,1,26,12,1,189,7,17,4,21,0,0,467,8,388,48,0,0,26,197,326,632,1,1886,452,15,3151,85,258,40,337,32,0,3,43,3,182,0,3,54,0,64,245,108,8,189,71,31,63,1174,870,4,45
"Mirante do Belvedere",21,65,31,15,0,1,2,0,40,0,13,1,1,0,1,42,0,68,19,0,0,5,28,29,85,1,127,58,9,85,183,43,10,39,9,1,1,6,2,32,2,2,16,0,8,74,50,1,48,29,10,34,117,52,1,2
"Mundo de Chocolate",31,85,82,47,1,1,3,1,57,3,12,0,7,2,0,113,1,111,22,0,0,8,42,78,162,1,292,97,7,258,43,509,21,83,26,1,1,13,2,54,0,0,20,0,26,81,45,2,73,29,21,33,260,171,0,8
"Mundo Encantado",9,12,22,12,0,1,1,0,6,0,3,2,2,0,0,21,0,26,11,0,0,1,10,14,30,1,48,13,2,40,10,21,104,15,0,1,1,6,0,19,0,0,3,0,10,20,17,2,13,11,10,12,44,25,0,2
"Museu do Automóvel - Hollywood Dream Cars",33,83,109,46,1,6,7,1,47,0,9,0,5,0,0,388,4,141,28,0,0,3,64,365,203,1,405,93,9,337,39,83,15,732,21,1,2,49,3,49,0,2,31,0,28,101,61,0,80,34,18,41,351,239,4,15
"Museu do Festival de Cinema de Gramado",7,22,12,7,0,0,1,0,16,0,6,0,0,1,0,17,1,27,5,0,0,0,7,13,34,0,37,10,4,32,9,26,0,21,77,0,0,4,1,9,0,0,4,0,2,22,16,1,21,11,7,14,49,26,1,3
"Museu do Sapato",1,1,0,0,0,0,0,0,1,0,1,0,1,0,0,1,0,1,0,0,0,0,0,1,1,0,1,0,0,0,1,1,1,1,0,2,0,1,0,0,0,0,0,0,0,1,1,0,1,1,1,1,1,1,0,0
"Museu Fioreze",1,1,2,1,0,0,1,0,1,0,0,0,0,0,0,2,2,2,0,0,0,1,1,1,1,0,3,2,0,3,1,1,1,2,0,0,6,0,0,2,0,0,0,0,1,0,0,0,1,0,0,1,3,1,0,1
"Museu Gramado - Minerais & Pedras Preciosas",5,20,15,9,1,0,3,0,8,0,2,0,1,0,0,54,0,29,11,0,0,1,9,49,33,0,57,14,2,43,6,13,6,49,4,1,0,91,1,13,0,0,5,0,3,20,8,0,11,7,5,12,51,24,0,4
"Museu Naval",2,2,1,2,1,0,0,0,0,0,1,0,0,0,0,4,0,1,1,0,0,0,2,3,1,0,3,2,0,3,2,2,0,3,1,0,0,1,5,2,0,0,2,0,4,3,2,0,0,1,1,1,4,3,0,0
"O Reino do Chocolate",28,64,93,45,0,1,4,0,43,0,9,4,2,0,0,77,0,84,15,0,0,8,40,54,114,1,218,64,5,182,32,54,19,49,9,0,2,13,2,371,0,0,24,0,18,63,47,4,55,31,11,28,180,108,1,9
"Parque do Palácio",0,1,0,1,0,1,0,0,0,0,0,0,0,0,0,0,0,0,0,0,0,0,0,0,1,0,1,0,0,0,2,0,0,0,0,0,0,0,0,0,8,2,0,1,1,1,0,0,0,0,0,1,2,1,0,0
"Parque do Pinheiro Grosso",1,3,2,2,0,1,0,0,0,0,1,0,0,0,0,1,0,1,0,0,0,0,1,0,3,0,5,1,1,3,2,0,0,2,0,0,0,0,0,0,2,17,0,0,1,2,1,0,2,0,0,2,7,1,0,0
"Parque Gaúcho",13,30,34,26,0,2,0,0,25,1,1,1,3,0,0,30,0,28,7,0,0,1,130,28,38,0,69,34,2,54,16,20,3,31,4,0,0,5,2,24,0,0,174,0,16,25,21,1,25,7,5,8,63,48,0,4
"Parque Municipal Caminho da Santinha",0,0,0,0,0,0,0,0,0,0,0,0,0,0,0,0,0,0,0,0,0,0,0,0,0,0,0,0,0,0,0,0,0,0,0,0,0,0,0,0,1,0,0,1,0,0,0,0,0,0,0,0,0,0,0,0
"Parque Temático Mundo Gelado",20,17,27,35,1,2,0,0,11,0,3,0,5,0,0,35,0,31,7,0,0,1,22,27,34,1,83,23,1,64,8,26,10,28,2,0,1,3,4,18,1,1,16,0,178,26,15,0,18,5,3,8,65,41,0,5
"Pórtico via Nova Petrópolis",55,129,82,35,0,5,8,0,77,1,18,1,5,2,1,123,1,181,32,0,0,6,47,92,248,1,370,110,5,245,74,81,20,101,22,1,0,20,3,63,1,2,25,0,26,503,117,0,111,59,34,63,350,171,4,19
"Pórtico Via Taquara",34,74,48,15,0,1,2,0,38,1,14,1,1,1,0,65,1,84,23,0,0,5,33,47,114,1,168,61,6,108,50,45,17,61,16,1,0,8,2,47,0,1,21,0,15,117,230,1,63,34,17,42,162,73,1,5
"Praça da Criança",0,3,7,3,0,0,0,0,2,0,0,0,0,0,0,0,0,1,0,0,0,0,5,0,5,0,10,3,0,8,1,2,2,0,1,0,0,0,0,4,0,0,1,0,0,0,1,15,3,2,1,3,6,4,0,0
"Praça das Etnias",34,147,79,25,0,1,10,1,105,3,19,4,5,2,0,79,5,159,24,0,0,7,37,68,209,0,284,108,16,189,48,73,13,80,21,1,1,11,0,55,0,2,25,0,18,111,63,3,416,66,27,51,302,106,3,10
"Praça Major Nicoletti",19,62,27,10,0,1,5,0,37,1,13,3,3,2,0,35,2,75,8,0,0,5,14,24,98,0,102,49,10,71,29,29,11,34,11,1,0,7,1,31,0,0,7,0,5,59,34,2,66,140,21,28,107,35,0,3
"Prefeitura Municipal de Gramado",7,24,17,4,0,0,0,1,9,0,9,2,2,1,0,15,0,26,3,0,0,2,6,12,39,1,40,18,3,31,10,21,10,18,7,1,0,5,1,11,0,0,5,0,3,34,17,1,27,21,68,19,48,21,1,2
"Rotula das Bandeiras",18,61,22,10,0,1,5,0,38,0,14,1,3,1,1,40,1,61,13,0,0,4,20,34,83,0,96,28,10,63,34,33,12,41,14,1,1,12,1,28,1,2,8,0,8,63,42,3,51,28,19,143,108,48,1,6
"Rua Coberta",107,321,383,167,2,15,25,2,270,13,33,4,18,3,1,452,13,595,65,0,1,32,162,334,912,0,1746,438,19,1174,117,260,44,351,49,1,3,51,4,180,2,7,63,0,65,350,162,6,302,107,48,108,2930,736,7,47
"Snowland",76,131,302,156,1,30,7,2,118,6,8,0,32,2,0,335,6,244,26,0,0,18,147,244,348,1,1091,228,5,870,52,171,25,239,26,1,1,24,3,108,1,1,48,0,41,171,73,4,106,35,21,48,736,2567,5,35
"Vinicola Masotti",2,1,4,2,0,0,0,0,3,0,0,0,0,0,0,4,2,2,1,0,0,0,1,3,4,0,12,3,0,4,1,0,0,4,1,0,0,0,0,1,0,0,0,0,0,4,1,0,3,0,1,1,7,5,18,0
"Vinícola Ravanello",9,10,15,9,0,1,0,0,15,4,0,0,1,0,0,18,0,22,2,0,0,3,8,13,25,0,73,27,1,45,2,8,2,15,3,0,1,4,0,9,0,0,4,0,5,19,5,0,10,3,2,6,47,35,0,172
