"","A Mina","A Rua Torta de Gramado","Adega Dom Carlo","Aldeia do Papai Noel","Alpen Park","Caminho das Estrelas","Caro Watson Escape Game","Casa Centenária","Casa das Artes","Casa do Colono","Casa Seganfredo","Cascata Véu de Noiva","Central de Informações Turísticas de Gramado","Centro de Informações Turísticas","Centro Municipal de Cultura","Chave-Mestra Escape Game Gramado","Cine -Teatro Elizabeth Rosenfeld","Clube da Crianca","Colorio","Dreamland Museu de Cera","Ervateira Marcon - Natural de Gramado","Estátua do Maestro Eleazar de Carvalho","Fonte do Amor Eterno","Fragram - Museu do Perfume","Galeria Arte12b","Galleria D'arte Giovanni Bocchi","Gram Bier","GramadoZoo","Harley Motor Show","Igreja Matriz São Pedro Apóstolo","Igreja Metodista","Lago Negro","Le Jardin Parque de Lavanda","Memorial Casa Italiana","Mini Mundo","Mirante do Belvedere","Mundo de Chocolate","Mundo Encantado","Museu do Automóvel - Hollywood Dream Cars","Museu do Festival de Cinema de Gramado","Museu Fioreze","Museu Gramado - Minerais & Pedras Preciosas","Museu Naval","O Reino do Chocolate","Parque do Palácio","Parque do Pinheiro Grosso","Parque Gaúcho","Parque Olivas de Gramado","Parque Temático Mundo Gelado","Pórtico via Nova Petrópolis","Pórtico Via Taquara","Praça da Criança","Praça das Etnias","Praça do Moínho","Praça Major Nicoletti","Prefeitura Municipal de Gramado","Rotula das Bandeiras","Rua Coberta","Snowland","Trem Maria Fumaça","Vila Olímpica Eduardo Tissott","Vinicola Masotti","Vinícola Ravanello","Vinícola Stopassola"
"A Mina",192,36,0,19,11,1,1,3,0,26,1,0,3,0,0,10,1,0,0,20,2,0,29,9,0,0,1,17,22,51,0,88,53,1,66,6,19,14,19,2,0,3,0,13,1,1,12,0,14,24,15,0,24,0,7,1,3,82,37,0,0,1,6,0
"A Rua Torta de Gramado",36,362,0,31,23,2,4,4,0,61,7,2,9,0,1,9,2,0,0,40,3,1,114,10,0,0,4,22,44,147,0,233,95,6,160,30,55,18,37,18,2,9,0,39,0,1,12,0,11,87,43,0,105,2,35,11,17,253,101,1,0,3,11,0
"Adega Dom Carlo",0,0,1,0,0,0,0,0,1,0,0,0,0,0,0,0,0,0,0,0,0,1,0,1,0,0,0,0,0,0,0,0,0,0,0,0,0,0,0,0,0,0,0,0,0,0,0,0,0,0,0,0,0,1,0,0,0,0,0,0,0,0,0,0
"Aldeia do Papai Noel",19,31,0,565,27,0,5,4,0,30,5,0,5,0,1,8,0,0,0,42,2,1,40,2,0,0,3,51,44,99,1,248,76,5,252,7,40,8,36,6,1,8,1,26,0,0,13,0,8,34,17,3,26,1,12,4,7,208,157,2,0,4,10,0
"Alpen Park",11,23,0,27,344,0,3,1,0,20,2,0,2,0,0,12,0,0,0,30,2,0,28,2,0,0,5,25,25,43,1,99,36,0,95,3,25,3,20,5,1,1,0,14,0,0,15,0,20,11,8,0,7,0,1,2,1,83,102,0,0,1,5,0
"Caminho das Estrelas",1,2,0,0,0,7,0,0,0,2,0,1,1,1,0,0,2,0,0,1,0,3,2,0,0,0,0,0,1,4,1,3,2,1,4,2,3,0,0,1,0,0,0,1,0,1,0,0,0,3,1,0,4,0,2,2,1,5,2,0,1,0,0,0
"Caro Watson Escape Game",1,4,0,5,3,0,200,0,0,2,0,0,0,0,0,12,0,0,0,2,2,0,3,0,0,0,2,2,2,5,0,21,6,0,21,0,3,2,2,1,0,0,0,2,0,0,0,0,1,4,1,0,2,0,0,0,0,18,19,0,0,0,2,0
"Casa Centenária",3,4,0,4,1,0,0,16,0,1,0,0,0,0,0,0,0,0,0,5,6,0,4,0,0,0,0,1,4,6,0,9,1,0,6,0,4,0,3,0,3,3,0,1,0,0,1,0,0,2,0,0,5,0,0,0,0,7,3,0,0,1,0,0
"Casa das Artes",0,0,1,0,0,0,0,0,1,0,0,0,0,0,0,0,0,0,0,0,0,1,0,1,0,0,0,0,0,0,0,0,0,0,0,0,0,0,0,0,0,0,0,0,0,0,0,0,0,0,0,0,0,1,0,0,0,0,0,0,0,0,0,0
"Casa do Colono",26,61,0,30,20,2,2,1,0,385,2,0,6,0,2,6,2,0,0,43,2,0,75,14,0,0,7,20,25,128,0,208,94,5,137,12,24,7,21,9,1,3,0,20,0,1,10,0,7,44,19,1,56,0,17,6,5,176,65,0,0,2,7,0
"Casa Seganfredo",1,7,0,5,2,0,0,0,0,2,122,0,0,0,0,0,0,0,0,5,0,0,10,0,0,0,4,0,1,17,0,32,20,0,14,2,5,1,1,0,0,0,0,1,0,0,0,0,1,4,1,0,4,0,0,0,0,25,11,0,0,0,4,0
"Cascata Véu de Noiva",0,2,0,0,0,1,0,0,0,0,0,10,0,1,0,0,0,0,0,0,0,1,0,0,0,0,0,1,0,0,1,2,2,0,2,0,1,0,0,0,0,0,0,0,0,0,0,0,0,1,1,0,2,0,0,0,0,4,1,0,1,0,0,0
"Central de Informações Turísticas de Gramado",3,9,0,5,2,1,0,0,0,6,0,0,24,0,1,0,1,0,0,2,0,1,7,3,0,0,1,0,2,13,0,18,8,3,9,6,7,0,3,5,0,0,0,4,0,1,0,0,1,10,5,0,8,1,6,5,2,19,3,0,0,1,1,0
"Centro de Informações Turísticas",0,0,0,0,0,1,0,0,0,0,0,1,0,3,0,0,0,0,0,0,0,1,0,0,0,0,0,0,0,0,1,0,0,0,0,0,0,0,0,0,0,0,0,0,0,0,0,0,0,0,0,0,0,0,0,0,0,0,0,0,1,0,0,0
"Centro Municipal de Cultura",0,1,0,1,0,0,0,0,0,2,0,0,1,0,4,0,0,0,0,1,0,0,1,3,0,0,0,0,0,2,1,2,1,0,1,0,1,0,0,2,0,0,0,0,0,0,0,0,0,2,1,0,2,0,1,2,1,2,0,1,0,0,0,0
"Chave-Mestra Escape Game Gramado",10,9,0,8,12,0,12,0,0,6,0,0,0,0,0,334,0,0,0,15,1,0,12,2,0,0,4,11,8,15,0,44,17,0,33,0,19,5,8,0,0,3,0,9,0,0,4,0,7,5,2,1,7,0,2,0,2,36,44,0,0,1,2,0
"Cine -Teatro Elizabeth Rosenfeld",1,2,0,0,0,2,0,0,0,2,0,0,1,0,0,0,4,0,0,1,0,0,1,0,0,0,0,0,0,2,0,2,2,0,2,1,1,0,0,1,0,0,0,1,0,1,0,0,0,2,1,0,2,0,2,2,1,4,0,0,0,0,0,0
"Clube da Crianca",0,0,0,0,0,0,0,0,0,0,0,0,0,0,0,0,0,1,0,0,0,0,0,0,0,0,0,0,0,0,0,0,0,0,0,0,0,0,0,0,0,0,0,0,0,0,0,0,0,0,0,0,0,0,0,0,0,0,0,0,0,0,0,0
"Colorio",0,0,0,0,0,0,0,0,0,0,0,0,0,0,0,0,0,0,2,0,0,0,0,0,0,0,0,0,0,0,0,0,0,0,0,0,0,0,0,0,0,0,0,0,0,0,0,0,0,0,0,0,0,0,0,0,0,0,0,0,0,0,0,0
"Dreamland Museu de Cera",20,40,0,42,30,1,2,5,0,43,5,0,2,0,1,15,1,0,0,531,4,0,79,4,0,0,4,30,237,125,0,278,66,1,238,2,45,10,195,7,3,23,0,27,0,0,10,0,22,38,20,2,31,0,6,5,4,224,172,0,0,0,10,0
"Ervateira Marcon - Natural de Gramado",2,3,0,2,2,0,2,6,0,2,0,0,0,0,0,1,0,0,0,4,19,0,2,0,0,0,0,0,3,5,0,7,1,0,4,0,1,0,2,0,4,2,0,2,0,0,0,0,0,1,0,0,4,0,0,0,1,7,5,0,0,1,0,0
"Estátua do Maestro Eleazar de Carvalho",0,1,1,1,0,3,0,0,1,0,0,1,1,1,0,0,0,0,0,0,0,6,0,1,0,0,0,0,1,1,1,1,0,0,0,2,1,0,1,0,0,0,0,1,0,0,0,0,0,1,1,0,1,2,1,1,1,2,0,0,1,1,0,0
"Fonte do Amor Eterno",29,114,0,40,28,2,3,4,0,75,10,0,7,0,1,12,1,0,0,79,2,0,534,11,0,0,8,33,68,287,0,353,99,4,203,17,57,13,55,13,2,10,0,33,0,1,12,0,11,83,28,0,69,0,24,7,11,331,151,0,0,2,17,0
"Fragram - Museu do Perfume",9,10,1,2,2,0,0,0,1,14,0,0,3,0,3,2,0,0,0,4,0,1,11,52,0,0,1,3,5,17,1,28,18,1,19,2,9,2,3,4,0,2,0,4,0,0,3,0,1,9,2,0,8,1,3,2,3,25,9,1,0,2,0,0
"Galeria Arte12b",0,0,0,0,0,0,0,0,0,0,0,0,0,0,0,0,0,0,0,0,0,0,0,0,8,0,0,0,0,0,0,0,0,0,0,0,0,0,0,0,0,0,0,0,0,0,0,0,0,0,0,0,0,0,0,0,0,0,0,0,0,0,0,0
"Galleria D'arte Giovanni Bocchi",0,0,0,0,0,0,0,0,0,0,0,0,0,0,0,0,0,0,0,0,0,0,0,0,0,6,0,0,0,0,0,0,0,0,0,0,0,0,0,0,0,0,0,0,0,0,0,0,0,0,0,0,0,0,0,0,0,0,0,0,0,0,0,0
"Gram Bier",1,4,0,3,5,0,2,0,0,7,4,0,1,0,0,4,0,0,0,4,0,0,8,1,0,0,119,1,5,19,0,39,7,0,18,3,7,0,2,0,0,1,0,2,0,0,1,0,2,8,3,0,5,0,1,2,0,28,15,0,0,1,3,0
"GramadoZoo",17,22,0,51,25,0,2,1,0,20,0,1,0,0,0,11,0,0,0,30,0,0,33,3,0,0,1,373,28,50,0,146,49,0,124,5,18,6,31,1,0,5,0,12,1,0,94,0,11,13,10,3,12,0,7,3,0,113,93,0,0,2,1,0
"Harley Motor Show",22,44,0,44,25,1,2,4,0,25,1,0,2,0,0,8,0,0,0,237,3,1,68,5,0,0,5,28,387,106,0,202,55,2,204,5,46,9,178,6,3,24,0,24,0,0,11,0,22,35,16,2,31,1,7,4,6,200,136,0,0,1,8,0
"Igreja Matriz São Pedro Apóstolo",51,147,0,99,43,4,5,6,0,128,17,0,13,0,2,15,2,0,0,125,5,1,287,17,0,0,19,50,106,1106,0,755,186,9,428,27,93,25,84,19,3,15,0,55,2,1,21,0,23,142,62,0,114,1,46,13,13,676,244,0,0,4,21,0
"Igreja Metodista",0,0,0,1,1,1,0,0,0,0,0,1,0,1,1,0,0,0,0,0,0,1,0,1,0,0,0,0,0,0,5,0,1,0,1,0,0,0,0,0,0,0,0,0,0,0,0,0,0,0,0,0,1,0,0,1,1,0,1,1,1,0,0,0
"Lago Negro",88,233,0,248,99,3,21,9,0,208,32,2,18,0,2,44,2,0,0,278,7,1,353,28,0,0,39,146,202,755,0,3381,487,11,1209,35,169,39,181,25,3,33,1,90,0,1,53,0,53,178,75,5,157,2,53,19,15,1284,789,2,0,5,51,1
"Le Jardin Parque de Lavanda",53,95,0,76,36,2,6,1,0,94,20,2,8,0,1,17,2,0,0,66,1,0,99,18,0,0,7,49,55,186,1,487,921,7,332,24,64,16,57,14,0,13,0,37,0,1,22,0,17,72,30,3,72,1,25,11,8,382,163,0,0,2,19,0
"Memorial Casa Italiana",1,6,0,5,0,1,0,0,0,5,0,0,3,0,0,0,0,0,0,1,0,0,4,1,0,0,0,0,2,9,0,11,7,16,11,2,4,1,3,1,0,0,0,2,0,0,0,0,0,5,2,0,11,0,3,0,0,10,6,0,0,0,1,0
"Mini Mundo",66,160,0,252,95,4,21,6,0,137,14,2,9,0,1,33,2,0,0,238,4,0,203,19,0,0,18,124,204,428,1,1209,332,11,2310,22,145,33,186,20,3,27,1,84,0,1,43,1,42,141,55,6,109,1,33,10,16,909,667,2,0,3,33,0
"Mirante do Belvedere",6,30,0,7,3,2,0,0,0,12,2,0,6,0,0,0,1,0,0,2,0,2,17,2,0,0,3,5,5,27,0,35,24,2,22,60,9,3,7,4,0,0,0,7,0,0,4,0,1,26,12,0,18,1,12,9,6,44,15,0,0,1,4,0
"Mundo de Chocolate",19,55,0,40,25,3,3,4,0,24,5,1,7,0,1,19,1,0,0,45,1,1,57,9,0,0,7,18,46,93,0,169,64,4,145,9,344,16,43,14,0,9,0,23,0,1,12,0,16,44,21,0,38,1,16,10,7,150,92,2,0,2,10,0
"Mundo Encantado",14,18,0,8,3,0,2,0,0,7,1,0,0,0,0,5,0,0,0,10,0,0,13,2,0,0,0,6,9,25,0,39,16,1,33,3,16,90,11,5,0,5,0,10,1,0,4,0,6,13,5,0,11,1,6,0,5,35,20,0,0,1,3,0
"Museu do Automóvel - Hollywood Dream Cars",19,37,0,36,20,0,2,3,0,21,1,0,3,0,0,8,0,0,0,195,2,1,55,3,0,0,2,31,178,84,0,181,57,3,186,7,43,11,343,7,2,21,0,21,0,0,14,0,17,42,19,1,31,1,8,3,6,199,119,0,0,1,6,0
"Museu do Festival de Cinema de Gramado",2,18,0,6,5,1,1,0,0,9,0,0,5,0,2,0,1,0,0,7,0,0,13,4,0,0,0,1,6,19,0,25,14,1,20,4,14,5,7,35,0,2,0,4,0,1,1,0,0,10,5,0,13,0,8,3,5,27,12,0,0,0,2,0
"Museu Fioreze",0,2,0,1,1,0,0,3,0,1,0,0,0,0,0,0,0,0,0,3,4,0,2,0,0,0,0,0,3,3,0,3,0,0,3,0,0,0,2,0,9,1,0,1,0,0,0,0,0,2,0,0,2,0,1,0,0,3,2,0,0,0,0,0
"Museu Gramado - Minerais & Pedras Preciosas",3,9,0,8,1,0,0,3,0,3,0,0,0,0,0,3,0,0,0,23,2,0,10,2,0,0,1,5,24,15,0,33,13,0,27,0,9,5,21,2,1,50,0,4,0,0,3,0,2,7,3,0,6,0,1,0,1,31,11,0,0,0,1,0
"Museu Naval",0,0,0,1,0,0,0,0,0,0,0,0,0,0,0,0,0,0,0,0,0,0,0,0,0,0,0,0,0,0,0,1,0,0,1,0,0,0,0,0,0,0,1,0,0,0,0,0,1,0,0,0,0,0,0,0,0,1,0,0,0,0,0,0
"O Reino do Chocolate",13,39,0,26,14,1,2,1,0,20,1,0,4,0,0,9,1,0,0,27,2,1,33,4,0,0,2,12,24,55,0,90,37,2,84,7,23,10,21,4,1,4,0,197,0,0,8,0,7,26,12,0,31,1,10,4,8,89,63,0,0,4,5,1
"Parque do Palácio",1,0,0,0,0,0,0,0,0,0,0,0,0,0,0,0,0,0,0,0,0,0,0,0,0,0,0,1,0,2,0,0,0,0,0,0,0,1,0,0,0,0,0,0,3,0,0,0,0,0,0,0,0,0,0,0,0,0,0,0,0,0,0,0
"Parque do Pinheiro Grosso",1,1,0,0,0,1,0,0,0,1,0,0,1,0,0,0,1,0,0,0,0,0,1,0,0,0,0,0,0,1,0,1,1,0,1,0,1,0,0,1,0,0,0,0,0,1,0,0,0,1,0,0,1,0,1,1,0,1,0,0,0,0,0,0
"Parque Gaúcho",12,12,0,13,15,0,0,1,0,10,0,0,0,0,0,4,0,0,0,10,0,0,12,3,0,0,1,94,11,21,0,53,22,0,43,4,12,4,14,1,0,3,0,8,0,0,121,0,9,7,9,0,8,0,3,2,0,43,26,0,0,1,0,0
"Parque Olivas de Gramado",0,0,0,0,0,0,0,0,0,0,0,0,0,0,0,0,0,0,0,0,0,0,0,0,0,0,0,0,0,0,0,0,0,0,1,0,0,0,0,0,0,0,0,0,0,0,0,7,0,0,0,0,0,0,0,0,0,0,0,0,0,0,0,0
"Parque Temático Mundo Gelado",14,11,0,8,20,0,1,0,0,7,1,0,1,0,0,7,0,0,0,22,0,0,11,1,0,0,2,11,22,23,0,53,17,0,42,1,16,6,17,0,0,2,1,7,0,0,9,0,143,8,6,0,6,0,4,1,2,45,37,0,0,0,0,0
"Pórtico via Nova Petrópolis",24,87,0,34,11,3,4,2,0,44,4,1,10,0,2,5,2,0,0,38,1,1,83,9,0,0,8,13,35,142,0,178,72,5,141,26,44,13,42,10,2,7,0,26,0,1,7,0,8,280,58,3,56,1,26,13,12,206,84,2,0,2,7,0
"Pórtico Via Taquara",15,43,0,17,8,1,1,0,0,19,1,1,5,0,1,2,1,0,0,20,0,1,28,2,0,0,3,10,16,62,0,75,30,2,55,12,21,5,19,5,0,3,0,12,0,0,9,0,6,58,125,2,29,1,14,8,9,88,40,1,0,2,1,0
"Praça da Criança",0,0,0,3,0,0,0,0,0,1,0,0,0,0,0,1,0,0,0,2,0,0,0,0,0,0,0,3,2,0,0,5,3,0,6,0,0,0,1,0,0,0,0,0,0,0,0,0,0,3,2,16,0,0,0,0,0,5,2,0,0,0,0,0
"Praça das Etnias",24,105,0,26,7,4,2,5,0,56,4,2,8,0,2,7,2,0,0,31,4,1,69,8,0,0,5,12,31,114,1,157,72,11,109,18,38,11,31,13,2,6,0,31,0,1,8,0,6,56,29,0,241,1,32,9,13,175,65,1,0,3,6,0
"Praça do Moínho",0,2,1,1,0,0,0,0,1,0,0,0,1,0,0,0,0,0,0,0,0,2,0,1,0,0,0,0,1,1,0,2,1,0,1,1,1,1,1,0,0,0,0,1,0,0,0,0,0,1,1,0,1,3,1,1,1,2,0,0,0,1,0,0
"Praça Major Nicoletti",7,35,0,12,1,2,0,0,0,17,0,0,6,0,1,2,2,0,0,6,0,1,24,3,0,0,1,7,7,46,0,53,25,3,33,12,16,6,8,8,1,1,0,10,0,1,3,0,4,26,14,0,32,1,78,7,12,50,18,0,0,3,3,0
"Prefeitura Municipal de Gramado",1,11,0,4,2,2,0,0,0,6,0,0,5,0,2,0,2,0,0,5,0,1,7,2,0,0,2,3,4,13,1,19,11,0,10,9,10,0,3,3,0,0,0,4,0,1,2,0,1,13,8,0,9,1,7,29,5,17,5,1,0,1,1,0
"Rotula das Bandeiras",3,17,0,7,1,1,0,0,0,5,0,0,2,0,1,2,1,0,0,4,1,1,11,3,0,0,0,0,6,13,1,15,8,0,16,6,7,5,6,5,0,1,0,8,0,0,0,0,2,12,9,0,13,1,12,5,26,16,5,1,0,2,0,0
"Rua Coberta",82,253,0,208,83,5,18,7,0,176,25,4,19,0,2,36,4,0,0,224,7,2,331,25,0,0,28,113,200,676,0,1284,382,10,909,44,150,35,199,27,3,31,1,89,0,1,43,0,45,206,88,5,175,2,50,17,16,2378,605,2,0,7,35,0
"Snowland",37,101,0,157,102,2,19,3,0,65,11,1,3,0,0,44,0,0,0,172,5,0,151,9,0,0,15,93,136,244,1,789,163,6,667,15,92,20,119,12,2,11,0,63,0,0,26,0,37,84,40,2,65,0,18,5,5,605,2108,0,0,7,29,1
"Trem Maria Fumaça",0,1,0,2,0,0,0,0,0,0,0,0,0,0,1,0,0,0,0,0,0,0,0,1,0,0,0,0,0,0,1,2,0,0,2,0,2,0,0,0,0,0,0,0,0,0,0,0,0,2,1,0,1,0,0,1,1,2,0,4,0,0,0,0
"Vila Olímpica Eduardo Tissott",0,0,0,0,0,1,0,0,0,0,0,1,0,1,0,0,0,0,0,0,0,1,0,0,0,0,0,0,0,0,1,0,0,0,0,0,0,0,0,0,0,0,0,0,0,0,0,0,0,0,0,0,0,0,0,0,0,0,0,0,1,0,0,0
"Vinicola Masotti",1,3,0,4,1,0,0,1,0,2,0,0,1,0,0,1,0,0,0,0,1,1,2,2,0,0,1,2,1,4,0,5,2,0,3,1,2,1,1,0,0,0,0,4,0,0,1,0,0,2,2,0,3,1,3,1,2,7,7,0,0,15,0,0
"Vinícola Ravanello",6,11,0,10,5,0,2,0,0,7,4,0,1,0,0,2,0,0,0,10,0,0,17,0,0,0,3,1,8,21,0,51,19,1,33,4,10,3,6,2,0,1,0,5,0,0,0,0,0,7,1,0,6,0,3,1,0,35,29,0,0,0,151,0
"Vinícola Stopassola",0,0,0,0,0,0,0,0,0,0,0,0,0,0,0,0,0,0,0,0,0,0,0,0,0,0,0,0,0,0,0,1,0,0,0,0,0,0,0,0,0,0,0,1,0,0,0,0,0,0,0,0,0,0,0,0,0,0,1,0,0,0,0,14
